start,end,length
0,26628,254.70900000000006
0,42466,767.7999999999998
1,42878,259.67400000000004
1,42876,291.83900000000006
2,43926,433.1479999999999
2,43921,552.424
3,1025,86.25800000000001
1025,3,86.25800000000001
3,1328,85.342
1328,3,85.342
3,4,137.519
4,3,137.519
4,1742,84.572
1742,4,84.572
4,1026,86.442
1026,4,86.442
4,5,136.814
5,4,136.814
5,1743,86.566
5,6,270.947
6,5,270.947
6,1028,86.924
6,45747,200.546
45747,6,200.546
7,446,95.652
7,8,55.596000000000004
8,7,55.596000000000004
7,45747,20.291
45747,7,20.291
8,837,86.869
837,8,86.869
8,9,142.532
9,8,142.532
9,1029,85.19
11,10,271.702
11,54009,43.714
12,45733,17.096
12,423,86.208
13,12,105.553
13,815,79.65
815,13,79.65
13,814,86.364
814,13,86.364
14,13,128.513
14,67,87.268
67,14,87.268
14,2114,81.113
2114,14,81.113
15,46769,20.681
15,46768,38.566
46768,15,38.566
15,250,250.22500000000002
15,46765,42.447
46765,15,42.447
16,2333,201.182
2333,16,201.182
16,17,239.745
17,18,127.58500000000001
18,2786,90.62
18,51494,215.275
19,129,80.866
129,19,80.866
19,1319,80.471
1319,19,80.471
20,1669,80.824
20,19,273.284
21,20,271.735
21,2167,81.107
22,45749,16.91
23,817,80.125
817,23,80.125
23,22,109.519
23,818,80.953
818,23,80.953
24,23,216.044
24,1671,88.268
1671,24,88.268
24,2113,85.097
2113,24,85.097
25,797,101.449
797,25,101.449
25,796,127.63300000000001
796,25,127.63300000000001
26,44350,263.181
44350,26,263.181
26,2188,96.326
2188,26,96.326
26,1854,171.363
1854,26,171.363
27,28,83.201
28,27,83.201
27,44350,22.926000000000002
44350,27,22.926000000000002
27,46436,246.774
28,2302,172.764
2302,28,172.764
28,46034,245.548
46034,28,245.548
29,30,311.31399999999996
29,1754,76.59899999999999
30,972,41.435
31,34,19.017000000000003
34,31,19.017000000000003
31,3032,158.46299999999997
3032,31,158.46299999999997
32,31,60.498000000000005
33,32,71.238
33,2390,78.17
2390,33,78.17
33,35,21.125
34,282,65.61699999999999
282,34,65.61699999999999
34,35,130.47
35,45867,129.015
36,53007,80.82399999999998
37,45760,24.467
37,407,94.214
38,37,154.372
38,45864,81.501
39,54107,78.361
39,49634,80.61699999999999
49634,39,80.61699999999999
40,39,275.139
40,50116,98.338
50116,40,98.338
40,801,79.678
801,40,79.678
40,47547,79.24799999999999
47547,40,79.24799999999999
41,54138,79.025
54138,41,79.025
41,42,273.755
41,863,81.524
863,41,81.524
42,43,271.016
42,1765,80.0
43,1636,79.952
43,45759,130.437
44,45,127.84
44,430,81.003
45,46,215.248
45,822,79.014
822,45,79.014
45,821,81.592
821,45,81.592
46,1637,94.109
1637,46,94.109
46,1767,84.18900000000001
1767,46,84.18900000000001
47,45691,32.75
45691,47,32.75
47,42231,109.305
42231,47,109.305
48,42231,24.895000000000003
42231,48,24.895000000000003
48,53707,73.83
51,52,113.452
51,372,47.252
53,53525,88.58599999999998
53,2768,36.488
54,55,70.349
54,50713,55.861
55,56,87.162
56,43208,330.6400000000001
57,43208,247.873
58,743,84.127
59,42992,285.923
59,42993,794.1990000000001
60,52263,103.373
60,1113,101.187
1113,60,101.187
60,50792,177.501
50792,60,177.501
60,42998,15.532
42998,60,15.532
61,53409,109.186
62,66,148.11800000000005
62,135,55.334999999999994
135,62,55.334999999999994
62,44615,86.879
44615,62,86.879
64,3172,109.561
65,283,55.665
66,81,82.482
67,44615,11.63
44615,67,11.63
67,814,144.178
814,67,144.178
67,319,88.29700000000001
319,67,88.29700000000001
68,2839,146.855
68,3039,79.936
69,51110,12.107
69,1296,82.824
69,55573,81.951
70,2899,133.076
71,43184,271.837
71,3054,32.425
72,44615,279.53600000000006
72,66,201.96499999999997
73,2613,140.982
73,1599,84.173
1599,73,84.173
73,2216,86.212
2216,73,86.212
74,2217,77.668
2217,74,77.668
74,44640,45.510999999999996
44640,74,45.510999999999996
75,76,91.274
75,77,68.236
76,1200,15.019
76,152,81.92999999999999
77,56,81.91499999999999
77,43210,194.959
43210,77,194.959
77,2298,16.86
2298,77,16.86
78,79,91.17
78,54233,329.028
78,1729,171.652
1729,78,171.652
79,43179,301.22700000000003
80,43181,896.3270000000001
81,62,158.82299999999995
81,63,269.079
82,51374,3.421
82,83,116.857
83,50801,2221.59
83,958,63.845
958,83,63.845
83,51382,82.57
51382,83,82.57
84,2913,82.643
84,70,514.1179999999999
85,86,84.832
85,48855,152.038
48855,85,152.038
85,1041,76.262
1041,85,76.262
86,3123,150.618
86,50591,46.381
87,46837,252.928
87,46836,242.788
88,51146,187.47199999999998
51146,88,187.47199999999998
88,1995,83.089
89,3124,134.994
89,53861,79.699
90,161,125.39699999999999
91,93,41.282
92,2627,79.423
92,756,177.334
93,3102,1939.258
94,43304,99.562
94,2626,76.84599999999999
95,43204,213.676
95,51489,31.923000000000002
96,44606,123.32600000000001
44606,96,123.32600000000001
96,808,113.878
808,96,113.878
96,1008,89.652
1008,96,89.652
97,43195,36.561
97,2263,79.488
98,99,128.146
98,100,184.684
99,100,111.72699999999999
99,2746,129.66
2746,99,129.66
100,166,538.1669999999999
101,102,123.061
101,51289,101.35999999999999
102,1833,242.86399999999998
103,42064,20.887
103,48021,49.51
104,1840,274.15299999999996
1840,104,274.15299999999996
105,44559,35.382
105,44560,62.081
106,110,132.78199999999998
106,107,133.751
107,116,88.47699999999999
107,108,36.784000000000006
108,50776,92.95399999999998
108,109,25.113999999999997
109,50209,102.43700000000003
109,51488,158.67999999999995
110,1506,73.918
110,1460,130.498
111,862,161.03500000000003
111,2323,275.72499999999997
2323,111,275.72499999999997
111,136,90.111
136,111,90.111
111,1324,85.357
1324,111,85.357
112,3139,57.373999999999995
112,1483,52.119
113,139,138.14
113,44552,147.37999999999997
114,113,117.06500000000001
115,52137,12.15
115,44553,170.694
44553,115,170.694
116,1281,131.053
116,1496,76.813
116,50776,134.887
50776,116,134.887
117,118,100.57199999999999
117,2081,88.09599999999999
118,83,12.466
119,78,163.297
120,283,76.90599999999999
283,120,76.90599999999999
120,44551,125.775
120,2750,80.86699999999999
2750,120,80.86699999999999
121,137,10.78
121,122,399.502
123,562,73.948
562,123,73.948
123,124,140.079
124,45639,25.51
125,50211,5.467
125,42307,353.868
126,2709,79.313
126,44566,144.292
127,43222,291.65200000000004
127,126,54.095
128,1263,86.46000000000001
128,2440,118.429
129,54137,86.368
54137,129,86.368
129,2318,274.182
130,82,72.66099999999999
131,132,951.1760000000002
131,122,1660.664
132,54315,29.135
133,619,14.532
134,1859,80.485
135,49261,52.935
136,2324,276.154
136,142,230.319
142,136,230.319
137,123,78.219
138,47506,20.564
138,47507,74.57
47507,138,74.57
139,165,1070.6889999999999
140,141,69.747
140,44557,182.59300000000002
141,1751,238.874
142,1325,84.464
1325,142,84.464
143,1634,456.039
143,50606,321.714
144,53738,122.78200000000001
145,43224,31.211999999999996
146,904,133.956
146,43233,143.418
147,135,48.945
147,42054,242.572
148,54141,114.619
148,54143,88.983
54143,148,88.983
149,43231,33.213
43231,149,33.213
150,51374,119.495
150,118,66.023
151,150,54.749
151,117,49.853
152,144,107.11
152,50607,38.432
153,49737,13.404
49737,153,13.404
153,44646,255.68699999999998
44646,153,255.68699999999998
153,2646,75.921
154,43221,555.5600000000001
154,51251,499.3959999999999
51251,154,499.3959999999999
154,158,188.92899999999997
155,43017,81.091
43017,155,81.091
155,1180,59.44800000000001
1180,155,59.44800000000001
155,2397,76.931
156,57,299.4290000000001
156,43207,251.50199999999998
157,44849,195.914
157,3131,91.345
158,52132,388.815
159,3037,76.806
159,46738,28.886
160,2898,160.788
161,54145,44.099999999999994
161,43187,931.3340000000001
162,44546,128.649
163,53261,87.87
163,50608,71.384
164,105,84.018
165,164,97.42599999999999
165,141,419.61800000000005
166,167,97.35399999999998
166,1141,646.9400000000003
167,1142,117.055
168,320,39.804
320,168,39.804
168,41975,164.83499999999998
168,2219,51.043
2219,168,51.043
169,293,204.401
169,2896,174.059
170,169,165.31
171,481,80.365
171,44378,18.308
44378,171,18.308
171,172,132.421
172,171,132.421
172,482,88.695
172,173,80.822
173,172,80.822
173,174,82.346
174,173,82.346
173,2118,225.22199999999998
174,484,123.391
174,175,78.513
175,174,78.513
175,2120,173.278
175,176,82.60199999999999
176,175,82.60199999999999
176,486,157.555
176,177,118.17699999999999
177,176,118.17699999999999
177,178,227.882
178,177,227.882
177,48330,105.53099999999999
48330,177,105.53099999999999
177,487,183.909
487,177,183.909
178,179,76.29899999999999
179,178,76.29899999999999
178,489,233.29899999999998
489,178,233.29899999999998
179,180,77.469
180,179,77.469
180,181,79.33500000000001
181,180,79.33500000000001
181,1301,126.651
181,182,76.70400000000001
182,181,76.70400000000001
182,493,170.32899999999998
182,183,79.44000000000001
183,182,79.44000000000001
183,554,200.38199999999998
183,184,79.015
184,183,79.015
184,495,148.772
184,185,54.518
185,184,54.518
185,186,80.414
186,185,80.414
186,187,73.05
187,186,73.05
186,497,134.39600000000002
187,42017,98.327
42017,187,98.327
187,3182,79.308
188,189,108.22
189,188,108.22
188,324,196.401
188,42020,77.97
42020,188,77.97
189,2385,85.516
2385,189,85.516
189,799,82.683
799,189,82.683
189,190,141.076
190,189,141.076
190,191,142.921
191,190,142.921
191,192,199.122
192,191,199.122
191,3041,81.21100000000001
3041,191,81.21100000000001
192,46761,76.286
46761,192,76.286
192,193,247.48499999999999
193,192,247.48499999999999
193,1494,310.552
1494,193,310.552
193,51676,244.54799999999997
51676,193,244.54799999999997
193,331,86.892
331,193,86.892
195,3193,39.309
3193,195,39.309
195,3160,75.977
3160,195,75.977
196,197,95.02499999999999
196,2400,39.596000000000004
197,198,58.203
197,3074,37.382999999999996
3074,197,37.382999999999996
197,2032,78.834
2032,197,78.834
198,2954,33.742
198,199,90.145
199,2034,66.911
2034,199,66.911
199,2392,30.355999999999998
2392,199,30.355999999999998
200,2346,76.471
200,51287,72.3
200,51509,67.915
51509,200,67.915
201,202,105.816
202,203,73.685
202,2490,90.18
2490,202,90.18
203,2491,87.10100000000001
204,205,89.28399999999999
204,2493,75.212
205,206,51.669999999999995
205,2717,76.603
206,207,85.395
206,53011,66.981
53011,206,66.981
206,2075,74.77799999999999
2075,206,74.77799999999999
207,208,31.416000000000004
208,1928,59.885
209,1877,42.407
209,210,135.658
210,655,71.724
210,966,52.114000000000004
211,212,114.623
211,1151,86.79599999999999
1151,211,86.79599999999999
211,2932,83.433
2932,211,83.433
211,2040,222.808
2040,211,222.808
212,213,64.718
213,214,59.346000000000004
213,1361,72.322
214,614,80.252
214,54257,30.033
215,1638,79.392
215,216,137.634
216,45858,213.887
45858,216,213.887
216,217,141.09900000000002
217,46937,15.17
46937,217,15.17
217,2847,228.73399999999998
218,335,115.01400000000001
218,3052,74.049
219,218,309.291
219,692,74.53099999999999
220,1951,74.431
220,219,273.814
221,220,274.223
221,53180,74.157
222,2433,74.184
222,221,277.66299999999995
223,222,269.908
223,224,224.07600000000002
224,2359,79.56099999999999
225,44542,84.152
44542,225,84.152
225,226,73.874
226,225,73.874
226,42422,59.233999999999995
42422,226,59.233999999999995
226,2062,76.044
2062,226,76.044
226,50788,64.176
50788,226,64.176
227,695,78.337
228,1739,84.6
229,228,273.776
229,1375,78.57900000000001
230,1740,84.71000000000001
230,229,293.79800000000006
231,3020,78.497
231,230,270.12600000000003
232,42222,22.684
42222,232,22.684
232,2473,166.526
232,42219,164.255
42219,232,164.255
233,2430,77.69
2430,233,77.69
233,41970,145.597
41970,233,145.597
234,46500,21.836
46500,234,21.836
234,233,132.355
234,46504,89.292
235,1584,85.364
236,235,79.081
237,236,79.261
237,2771,168.488
2771,237,168.488
238,237,79.149
238,2772,203.20100000000002
2772,238,203.20100000000002
239,238,452.93600000000004
239,1838,108.446
1838,239,108.446
240,1175,131.544
240,2732,77.928
2732,240,77.928
240,239,495.6379999999999
240,1838,396.974
1838,240,396.974
241,2933,84.43199999999999
2933,241,84.43199999999999
241,54256,52.745999999999995
54256,241,52.745999999999995
242,241,77.97899999999998
242,54233,149.972
54233,242,149.972
242,1729,125.71999999999998
1729,242,125.71999999999998
242,933,260.209
933,242,260.209
243,54233,77.18400000000001
54233,243,77.18400000000001
243,43180,203.42700000000002
244,2570,155.018
244,1036,87.725
245,244,62.397999999999996
246,1136,80.059
1136,246,80.059
246,1752,79.33099999999999
1752,246,79.33099999999999
247,246,134.244
247,46760,80.34100000000001
46760,247,80.34100000000001
247,1104,53.672
1104,247,53.672
248,247,97.32
248,1104,113.155
1104,248,113.155
248,1753,83.96799999999999
1753,248,83.96799999999999
249,250,84.652
250,249,84.652
249,512,51.422
512,249,51.422
249,511,134.51399999999998
511,249,134.51399999999998
250,3048,159.114
251,1813,79.131
252,54210,46.185
253,254,274.003
254,1814,78.64
255,51208,79.006
255,256,276.89000000000004
256,1815,77.043
256,257,270.50300000000004
257,1720,79.081
257,258,274.133
258,747,80.378
258,259,265.379
259,51516,19.344
259,1721,83.70400000000001
260,46853,192.106
46853,260,192.106
260,2508,78.384
2508,260,78.384
260,54260,85.532
54260,260,85.532
261,46763,7.999
46763,261,7.999
261,262,30.322
261,513,176.286
513,261,176.286
262,46788,23.33
263,264,78.327
264,263,78.327
263,46788,77.385
46788,263,77.385
264,265,78.925
265,264,78.925
264,844,243.483
265,516,228.416
265,266,85.359
266,265,85.359
266,1031,121.148
1031,266,121.148
266,1032,117.395
1032,266,117.395
266,267,209.96699999999998
267,266,209.96699999999998
267,1746,118.925
1746,267,118.925
267,2517,121.868
2517,267,121.868
267,268,176.295
268,267,176.295
268,1747,118.979
1747,268,118.979
268,2636,122.114
2636,268,122.114
268,269,176.671
269,268,176.671
269,270,131.061
270,269,131.061
269,856,118.851
856,269,118.851
269,857,122.114
857,269,122.114
270,1748,118.762
1748,270,118.762
270,3110,90.445
3110,270,90.445
270,271,129.414
271,270,129.414
271,2544,27.281
2544,271,27.281
271,3110,156.828
3110,271,156.828
272,273,78.598
273,272,78.598
272,1937,88.29100000000001
1937,272,88.29100000000001
273,50968,49.189
273,274,79.328
274,273,79.328
274,275,80.699
275,274,80.699
275,1070,83.189
275,276,152.42
276,275,152.42
276,51251,11.367
51251,276,11.367
276,1938,54.81
278,46505,18.594
46505,278,18.594
278,13427,286.144
13427,278,286.144
278,529,167.52999999999997
279,1735,235.494
279,46493,75.537
280,279,106.743
280,1734,99.025
1734,280,99.025
281,280,87.905
282,1703,79.527
283,284,80.136
284,283,80.136
284,285,77.369
285,284,77.369
284,2902,69.834
285,645,213.70799999999997
285,51512,64.086
285,286,81.062
286,285,81.062
286,287,79.562
287,286,79.562
287,288,79.54499999999999
288,287,79.54499999999999
288,289,78.771
289,288,78.771
288,2714,215.352
289,1697,214.318
289,290,79.953
290,289,79.953
290,50610,214.53799999999998
50610,290,214.53799999999998
290,291,79.39399999999999
291,290,79.39399999999999
291,3109,215.611
291,292,80.502
292,291,80.502
292,293,79.64999999999999
293,292,79.64999999999999
293,2466,215.481
293,294,86.29599999999999
294,293,86.29599999999999
294,1534,216.717
1534,294,216.717
294,295,86.718
295,294,86.718
295,44848,178.93999999999997
44848,295,178.93999999999997
295,1832,215.03600000000003
295,296,81.541
296,295,81.541
296,43200,219.817
43200,296,219.817
296,297,80.978
297,296,80.978
297,44550,227.121
44550,297,227.121
297,663,216.086
297,298,79.725
298,297,79.725
298,53357,229.411
53357,298,229.411
298,299,79.17099999999999
299,298,79.17099999999999
299,51289,222.168
299,2624,215.493
299,300,81.13999999999999
300,299,81.13999999999999
300,301,87.74700000000001
301,300,87.74700000000001
301,2915,227.347
2915,301,227.347
301,3125,215.95100000000002
3125,301,215.95100000000002
301,302,84.725
302,301,84.725
302,1810,226.83999999999997
302,303,81.82
303,302,81.82
303,2965,216.87199999999999
303,304,80.502
304,303,80.502
304,1903,226.792
304,305,80.304
305,304,80.304
305,2744,216.773
305,306,81.181
306,305,81.181
306,1359,226.608
306,307,80.117
307,306,80.117
307,3126,216.777
307,308,86.941
308,307,86.941
308,309,85.455
309,308,85.455
308,537,178.131
537,308,178.131
308,536,217.245
536,308,217.245
309,3046,217.004
309,310,79.563
310,309,79.563
310,2541,223.558
310,311,80.02199999999999
311,310,80.02199999999999
311,1548,217.263
311,312,79.445
312,311,79.445
312,313,84.16
313,312,84.16
312,1549,295.11400000000003
313,3127,217.657
313,314,78.75099999999999
314,313,78.75099999999999
314,50589,30.23
314,1139,39.592
315,1840,76.899
316,315,271.694
316,54011,34.547
317,45764,18.204
317,422,81.953
318,317,104.654
318,813,80.316
813,318,80.316
318,814,87.15
814,318,87.15
319,318,158.13
319,1842,81.93
1842,319,81.93
320,2218,79.459
2218,320,79.459
321,320,140.988
321,2382,88.664
2382,321,88.664
321,3083,79.557
3083,321,79.557
322,321,133.957
322,1093,79.49199999999999
1093,322,79.49199999999999
322,1094,88.307
1094,322,88.307
323,2830,79.46
2830,323,79.46
323,2383,88.185
2383,323,88.185
323,322,118.613
324,323,89.473
324,501,82.886
501,324,82.886
324,502,91.075
502,324,91.075
325,188,85.425
325,2385,116.333
326,325,83.893
327,42022,52.394
327,42018,92.35400000000001
328,46798,85.013
46798,328,85.013
328,2385,85.81899999999999
2385,328,85.81899999999999
328,326,112.548
328,329,398.686
329,44649,103.08
330,331,224.58499999999998
330,329,250.41100000000003
331,45856,328.26700000000005
332,1885,183.79
333,332,77.174
333,51342,144.734
334,333,77.922
334,3052,138.756
335,334,77.999
336,2356,92.712
336,335,77.495
337,336,82.89200000000001
337,51353,236.718
338,1738,43.917
1738,338,43.917
338,337,89.56099999999999
338,2550,110.94800000000001
2550,338,110.94800000000001
341,54214,4.212
341,340,85.011
342,697,200.616
343,342,84.556
343,1813,139.917
344,54212,4.58
344,252,85.591
345,700,79.34
345,54211,51.745
346,1977,223.091
347,705,81.771
347,346,85.59400000000001
348,347,83.297
348,1979,165.036
349,348,82.014
349,707,134.25400000000002
350,349,82.217
350,1980,117.59100000000001
351,350,80.443
352,351,82.289
352,1982,75.245
353,352,87.10499999999999
353,1683,51.247
1683,353,51.247
356,1987,66.428
356,355,81.788
358,1988,81.62599999999999
358,357,80.12400000000001
359,1392,189.84
359,358,79.029
360,1990,87.992
361,360,79.235
362,1992,104.86
364,363,81.34400000000001
365,364,93.369
365,1397,94.557
1397,365,94.557
366,365,94.139
367,44539,6.599
44539,367,6.599
367,44537,67.166
368,1488,97.68199999999999
368,406,94.219
370,369,111.55900000000001
371,370,37.574999999999996
372,1257,110.216
372,371,26.866
373,1772,120.977
374,2028,128.671
374,373,69.012
375,3033,128.418
375,374,11.196
377,55508,40.721
377,46445,139.494
377,376,65.484
378,2474,163.817
380,621,116.952
380,379,69.248
381,380,69.596
382,53012,76.531
383,382,77.03200000000001
383,3030,176.74699999999999
384,383,80.04599999999999
384,2494,151.77100000000002
385,384,68.025
386,385,33.403
386,2076,82.33600000000001
2076,386,82.33600000000001
387,386,70.37299999999999
387,1930,80.673
388,387,122.11000000000001
388,2927,81.304
389,964,80.504
390,2148,80.69200000000001
391,2819,80.583
392,46933,15.427
392,2761,83.619
393,2498,115.221
393,46634,90.25599999999999
394,2056,82.32000000000001
394,393,81.295
395,2499,111.09700000000001
395,394,77.42999999999999
396,2821,80.64
396,395,78.758
398,1883,122.19000000000001
1883,398,122.19000000000001
398,397,65.85799999999999
399,2500,126.179
399,398,68.943
400,2798,228.957
400,399,74.65
401,400,75.134
402,3080,195.914
402,401,79.783
403,2629,104.797
403,402,86.332
404,1617,126.277
404,403,86.139
405,927,136.941
405,2407,52.778
408,45863,109.42999999999999
408,37,90.806
409,408,93.095
410,409,135.506
411,410,47.506
411,53425,22.723
412,411,93.344
412,1906,198.934
413,412,89.541
414,45761,22.099
414,413,90.097
415,414,89.575
415,46758,77.53099999999999
416,45740,21.277
416,415,87.77
417,45726,98.297
417,2161,41.259
2161,417,41.259
418,417,91.538
419,45730,18.792
419,418,83.53
420,811,159.497
420,419,82.517
421,45736,18.734
421,420,85.318
422,421,82.307
423,814,104.62
814,423,104.62
423,45727,17.3
45727,423,17.3
423,317,87.02799999999999
424,815,105.679
424,12,80.203
425,45768,16.558
425,424,79.513
426,425,82.273
426,817,108.091
427,818,115.362
427,22,81.17699999999999
428,819,120.818
819,428,120.818
428,45741,16.688
45741,428,16.688
428,427,87.331
429,820,127.29
429,428,85.785
430,429,77.866
430,45766,17.079
431,44,78.656
431,45748,17.201
432,823,128.807
432,431,80.814
433,45757,17.539
433,432,80.427
434,825,127.968
434,433,79.722
435,45770,17.771
435,434,79.56400000000001
436,45738,25.016
436,435,79.607
437,828,125.96099999999998
828,437,125.96099999999998
437,436,87.36500000000001
437,45765,22.154
45765,437,22.154
438,437,84.799
439,45754,18.67
439,438,79.584
440,831,127.72
440,439,79.593
441,45739,19.086
441,440,80.589
442,833,127.868
442,441,79.538
443,45763,19.52
443,442,79.52499999999999
444,835,126.293
444,443,80.001
445,45729,20.534
445,444,80.351
446,837,93.652
446,445,81.67200000000001
447,838,19.129
447,7,94.861
448,2132,135.43
448,44620,79.915
449,50231,16.388
50231,449,16.388
449,2133,117.72
2133,449,117.72
449,448,76.781
450,55047,135.84500000000003
450,449,82.91900000000001
451,44346,17.968
451,450,79.494
452,451,79.662
452,847,167.316
453,44348,17.707
453,452,80.30299999999998
454,51567,191.277
454,453,80.45600000000002
455,46437,85.188
456,2302,83.394
2302,456,83.394
456,53039,23.272
53039,456,23.272
456,27,171.948
457,44351,24.446
44351,457,24.446
457,54596,162.288
54596,457,162.288
457,456,78.90799999999999
458,48434,18.337
48434,458,18.337
458,1780,265.347
1780,458,265.347
458,54604,79.13
459,562,264.835
562,459,264.835
459,458,78.223
459,44353,18.311
44353,459,18.311
460,54601,165.484
460,44354,18.314
44354,460,18.314
460,54319,224.405
54319,460,224.405
461,2135,177.563
461,44356,78.122
462,461,80.532
462,48089,428.598
463,462,78.569
463,2136,190.92200000000003
464,463,78.859
464,44360,18.312
465,464,79.142
465,2137,182.838
466,465,80.933
466,44362,18.314
467,2138,142.298
467,466,78.623
468,44364,18.306
468,467,78.166
469,468,86.916
469,1229,134.252
1229,469,134.252
469,44365,18.033
44365,469,18.033
470,469,84.597
470,44366,18.308
471,2141,116.746
471,470,79.083
472,471,79.921
472,44368,18.307000000000002
473,1240,129.87
473,472,79.412
474,473,77.93
474,44370,18.304000000000002
475,474,78.939
475,2122,157.233
476,475,79.587
476,44372,18.307000000000002
477,476,79.298
477,2124,269.358
478,44374,18.308
44374,478,18.308
478,477,165.619
479,478,83.489
479,44375,18.303
480,2934,38.071
480,44628,56.325
481,480,75.907
481,48333,82.913
48333,481,82.913
481,44377,18.3
44377,481,18.3
482,44379,18.311
482,171,79.182
483,173,106.254
483,482,78.851
484,483,80.293
484,44381,18.302
485,484,75.417
485,175,140.606
486,485,82.311
486,44383,18.307
487,486,95.72
487,44384,18.306
44384,487,18.306
488,487,87.287
488,44385,18.307
44385,488,18.307
489,55562,70.267
489,44386,17.733
44386,489,17.733
490,48433,11.016
490,48326,11.365
491,48327,39.666
48327,491,39.666
491,180,229.92999999999998
491,492,87.75699999999999
492,491,87.75699999999999
492,181,189.09699999999998
492,493,80.96499999999999
493,492,80.96499999999999
493,1087,100.50999999999999
493,494,84.106
494,493,84.106
494,183,158.30599999999998
494,495,84.13799999999999
495,494,84.13799999999999
495,2827,38.164
495,496,86.75800000000001
496,495,86.75800000000001
496,497,85.556
497,496,85.556
496,185,140.193
497,498,70.19
498,497,70.19
498,187,128.975
498,499,17.77
499,498,17.77
499,500,79.296
500,499,79.296
500,2829,122.53299999999999
500,501,84.95899999999999
501,500,84.95899999999999
501,42020,166.178
502,503,70.994
503,502,70.994
502,2383,73.854
2383,502,73.854
502,2384,84.47
2384,502,84.47
503,504,78.85499999999999
504,503,78.85499999999999
504,1778,94.724
1778,504,94.724
504,505,74.034
505,504,74.034
505,2832,105.484
2832,505,105.484
505,506,80.086
506,505,80.086
505,3047,85.011
3047,505,85.011
506,2833,116.391
506,507,56.038
507,506,56.038
507,2532,84.929
2532,507,84.929
507,508,114.124
508,507,114.124
508,509,135.039
509,508,135.039
508,1493,86.81
1493,508,86.81
509,2887,84.786
509,510,137.894
510,509,137.894
510,3048,83.414
3048,510,83.414
510,511,26.086
511,510,26.086
511,3013,106.97800000000001
3013,511,106.97800000000001
512,54608,37.393
54608,512,37.393
513,2335,180.48399999999998
2335,513,180.48399999999998
513,46768,117.639
46768,513,117.639
514,845,160.667
514,515,169.65800000000002
515,514,169.65800000000002
514,46787,91.922
46787,514,91.922
515,516,81.518
516,515,81.518
515,845,130.55599999999998
516,44648,33.574
44648,516,33.574
517,518,129.885
518,517,129.885
517,1033,97.576
517,2098,97.948
517,44648,52.569
44648,517,52.569
518,519,80.692
519,518,80.692
518,2004,141.231
519,2518,98.417
2518,519,98.417
519,1746,119.899
1746,519,119.899
519,520,176.379
520,519,176.379
520,1747,117.704
1747,520,117.704
520,2996,99.064
2996,520,99.064
521,855,96.653
855,521,96.653
521,856,117.05199999999999
856,521,117.05199999999999
521,522,131.2
522,521,131.2
522,51688,22.924
51688,522,22.924
522,1748,104.245
1748,522,104.245
522,2997,108.987
2997,522,108.987
523,524,92.843
524,523,92.843
523,2823,190.88400000000001
523,51688,85.6
51688,523,85.6
524,525,86.43299999999999
525,524,86.43299999999999
525,638,101.755
525,526,96.46799999999999
526,525,96.46799999999999
526,3063,66.22800000000001
3063,526,66.22800000000001
526,527,85.924
527,526,85.924
527,46503,54.246
46503,527,54.246
527,2607,42.403
2607,527,42.403
528,234,81.483
529,46495,11.51
46495,529,11.51
529,46317,186.323
530,2807,87.168
531,44819,143.74599999999998
44819,531,143.74599999999998
531,2583,85.66300000000001
532,44819,21.218
44819,532,21.218
532,533,145.089
533,532,145.089
533,534,154.765
534,533,154.765
533,2691,88.08
534,535,215.563
535,534,215.563
534,2872,84.74
535,536,228.32499999999996
536,535,228.32499999999996
535,2274,87.844
536,3046,84.49300000000001
537,1895,55.507000000000005
1895,537,55.507000000000005
537,538,47.729
538,537,47.729
538,2918,84.65
2918,538,84.65
538,2917,87.606
2917,538,87.606
539,196,49.665
540,53525,87.60099999999998
541,542,310.553
541,1866,81.2
542,543,273.11199999999997
542,688,174.83300000000003
543,544,211.924
543,1867,80.7
544,979,77.073
544,978,74.912
978,544,74.912
545,979,37.843999999999994
546,1527,129.924
546,53471,68.153
53471,546,68.153
547,1527,69.152
547,51286,57.742000000000004
548,3049,88.8
3049,548,88.8
548,840,81.753
840,548,81.753
549,841,84.249
550,551,139.25
550,2216,80.471
2216,550,80.471
550,2215,79.75099999999999
2215,550,79.75099999999999
551,552,134.056
551,3064,82.602
3064,551,82.602
551,3090,80.679
3090,551,80.679
552,1088,82.683
1088,552,82.683
552,553,116.679
552,1087,80.776
1087,552,80.776
553,494,12.31
553,2827,82.382
554,2841,102.422
555,556,25.63
555,45870,51.667
556,49248,56.30799999999999
557,1169,141.994
558,1781,82.345
558,2603,153.039
2603,558,153.039
559,558,302.991
559,1193,77.926
560,47662,14.042
560,1783,81.58099999999999
561,560,265.811
561,1195,79.664
1195,561,79.664
561,1414,81.694
1414,561,81.694
562,1780,77.406
1780,562,77.406
562,1192,80.123
1192,562,80.123
563,1304,79.74
563,2366,153.966
564,832,174.071
564,2127,82.08800000000001
565,2824,72.99
565,566,125.66499999999999
566,648,69.44500000000001
566,567,117.792
567,568,161.671
568,567,161.671
567,649,69.767
568,42232,28.598
42232,568,28.598
568,2826,135.58599999999998
569,50260,80.995
569,2656,60.514
2656,569,60.514
569,570,32.772999999999996
570,569,32.772999999999996
570,571,104.76599999999999
571,570,104.76599999999999
570,2653,23.372999999999998
2653,570,23.372999999999998
571,2471,164.382
2471,571,164.382
571,2656,173.079
2656,571,173.079
572,2908,17.601
572,54244,126.65400000000001
573,49776,69.431
573,574,141.07500000000002
574,575,109.186
574,1761,69.475
1761,574,69.475
574,2909,79.208
2909,574,79.208
575,44202,99.796
575,956,69.62
576,577,143.758
576,608,77.55199999999999
577,578,137.96800000000002
577,1648,77.24600000000001
578,46921,140.941
578,936,69.691
579,333,161.692
579,1885,75.196
580,691,73.961
581,580,274.039
581,1886,74.35
582,581,273.563
582,1373,74.694
583,1887,74.797
584,3053,74.252
584,583,269.703
585,51504,67.628
585,584,168.154
586,3107,79.13900000000001
587,44795,144.387
587,2462,79.312
588,589,146.05200000000002
589,590,154.338
589,2686,81.11200000000001
590,591,216.0
590,2465,77.399
591,2267,82.36699999999999
591,592,228.907
592,2466,78.046
592,292,215.59199999999998
593,681,19.548000000000002
594,915,26.015
594,593,167.82500000000002
595,2429,120.291
2429,595,120.291
595,2430,82.764
2430,595,82.764
595,596,173.70000000000002
596,595,173.70000000000002
596,46502,13.078
46502,596,13.078
596,528,85.49
597,1249,85.028
597,598,117.522
598,597,117.522
597,46502,90.042
46502,597,90.042
598,599,86.688
599,598,86.688
599,3061,162.74
3061,599,162.74
599,600,122.554
600,599,122.554
600,1044,120.182
601,2459,79.717
602,1048,93.388
1048,602,93.388
602,1049,93.59899999999999
1049,602,93.59899999999999
602,50799,204.49
603,1406,79.723
1406,603,79.723
603,602,61.997
603,1407,79.94200000000001
1407,603,79.94200000000001
604,603,140.347
604,2460,80.162
2460,604,80.162
604,2728,79.688
2728,604,79.688
605,604,133.826
605,2010,79.884
2010,605,79.884
605,2009,80.0
2009,605,80.0
606,46809,9.949
46809,606,9.949
606,652,80.64200000000001
652,606,80.64200000000001
606,46810,47.305
607,44212,16.628
44212,607,16.628
607,44203,67.522
607,947,100.28499999999998
947,607,100.28499999999998
608,1648,144.261
608,44212,68.06400000000001
609,44210,16.778
609,44205,42.682
610,44210,43.474
610,1645,143.77
611,44204,17.284
611,610,68.231
612,44206,17.397
44206,612,17.397
612,611,74.06899999999999
612,1643,143.809
1643,612,143.809
613,1642,143.81300000000002
613,612,71.696
614,1360,57.58
614,51931,75.015
615,51121,37.052
615,1361,64.283
616,615,77.247
617,616,78.544
617,1363,64.363
617,1651,131.691
1651,617,131.691
618,617,149.563
619,1365,64.766
619,618,77.03500000000001
620,1894,93.419
620,2013,44.363
2013,620,44.363
620,2012,42.341
2012,620,42.341
621,622,50.951
622,623,125.44900000000001
622,2959,70.72699999999999
623,624,102.611
623,741,67.285
624,1500,36.676
625,1256,56.528999999999996
625,370,109.804
626,1260,52.214999999999996
627,2399,70.557
628,627,75.908
628,3074,85.843
3074,628,85.843
629,54215,22.445999999999998
630,2552,78.729
630,51347,151.199
631,632,150.433
632,633,154.754
632,47813,78.622
633,2851,78.387
634,635,128.963
635,634,128.963
634,2241,78.035
635,636,100.50800000000001
636,635,100.50800000000001
636,2612,157.401
637,3061,81.562
3061,637,81.562
637,3180,183.471
3180,637,183.471
638,3063,84.688
3063,638,84.688
638,1904,80.722
1904,638,80.722
639,3150,79.42699999999999
640,639,154.592
640,898,79.71900000000001
641,44794,21.494
641,899,79.327
642,2683,79.502
643,642,154.481
643,901,79.443
644,643,215.948
644,2264,78.93299999999999
645,53861,138.851
645,903,78.432
646,2159,79.566
647,49243,157.123
49243,647,157.123
647,565,70.39
648,647,128.077
648,3055,68.587
649,648,94.56500000000001
649,42419,76.614
650,651,24.818
651,650,24.818
651,186,79.197
652,2146,79.18
653,654,76.033
654,653,76.033
653,969,84.57399999999998
654,655,75.91799999999999
655,654,75.91799999999999
654,51912,90.43100000000001
655,656,35.739
656,655,35.739
655,2147,98.724
656,966,67.241
657,1921,80.219
658,2577,80.827
658,657,154.678
659,44801,20.937
659,3069,80.502
660,659,145.959
660,1924,82.183
661,660,154.405
661,2868,80.596
662,661,215.898
662,1926,81.501
663,662,228.068
663,3070,80.189
664,44580,72.73700000000001
664,674,44.2
665,130,101.908
666,50784,9.075
666,667,82.053
667,668,93.143
667,3029,94.72600000000001
668,2716,80.812
668,669,86.98599999999999
669,670,43.009
669,2079,95.449
670,50785,76.899
671,51965,89.638
672,959,58.794999999999995
672,673,63.476
673,665,17.328
673,674,155.898
674,675,85.78699999999999
674,1916,63.343
675,676,82.307
676,1892,178.338
676,677,82.21799999999999
677,51854,8.261
678,1603,124.40299999999999
678,878,135.62800000000001
678,46640,107.34199999999998
678,679,96.82
680,681,81.274
681,46643,135.549
681,682,77.325
682,46644,140.90800000000002
682,683,77.892
683,1127,64.472
683,684,93.588
684,972,46.593999999999994
972,684,46.593999999999994
684,1755,154.792
684,30,60.935
685,788,308.55100000000004
686,786,271.139
686,687,81.496
687,542,80.806
687,1866,308.95500000000004
688,689,81.35
688,1949,274.501
689,2810,310.379
690,580,74.667
691,1951,274.032
691,219,74.63
692,693,78.15599999999999
693,694,84.859
693,1230,309.019
694,227,84.782
694,1738,309.23400000000004
1738,694,309.23400000000004
695,696,79.03
696,697,77.959
697,698,78.384
698,343,170.44
699,344,109.786
699,700,78.977
700,701,79.001
701,53509,49.278999999999996
702,51213,274.854
703,704,84.167
704,346,51.406
705,706,76.886
706,707,78.464
706,348,108.921
708,709,78.947
708,350,156.58499999999998
710,711,84.196
711,712,85.72200000000001
712,713,79.573
713,714,79.751
714,715,78.907
715,716,79.519
717,718,79.922
718,719,80.868
718,1010,272.077
720,721,78.61
721,722,79.958
722,1991,273.584
723,724,79.83
724,725,79.17
725,726,85.89
725,884,310.459
727,728,81.463
729,2764,189.176
730,1286,79.69800000000001
731,44826,25.300000000000004
731,1282,79.819
732,1857,79.008
733,734,214.57600000000002
733,732,154.206
733,1284,81.525
734,735,229.992
734,1861,78.721
735,53021,269.693
735,1287,80.14500000000001
736,737,45.932
736,53134,62.928999999999995
737,738,88.18199999999999
737,742,97.43900000000001
738,624,35.134
739,51287,43.159000000000006
739,200,55.0
740,51474,50.269
740,622,68.126
741,2475,75.255
742,741,73.177
742,738,38.016
743,42221,10.096
42221,743,10.096
743,1741,267.64099999999996
1741,743,267.64099999999996
743,42219,83.32
744,42218,24.916000000000004
745,744,77.11
745,2472,274.58299999999997
746,1274,229.48200000000003
746,745,77.26100000000001
747,1816,274.40999999999997
747,746,78.761
748,258,79.949
749,2643,270.64000000000004
750,751,85.42
751,750,85.42
750,49818,143.953
49818,750,143.953
750,749,84.859
751,752,77.856
752,751,77.856
752,49822,111.72099999999999
752,753,76.26599999999999
753,752,76.26599999999999
753,754,78.317
754,753,78.317
754,44592,81.119
44592,754,81.119
754,1166,275.798
755,43302,47.116
755,44592,76.81200000000001
44592,755,76.81200000000001
756,3006,271.85999999999996
756,755,78.375
757,756,85.46799999999999
757,42073,262.243
42073,757,262.243
758,757,85.59200000000001
758,42069,237.469
759,758,78.839
759,2342,275.062
760,42070,197.348
760,759,79.813
761,3113,274.302
761,760,80.209
762,761,79.273
762,42071,196.124
764,42072,196.909
764,763,79.45700000000001
765,764,79.724
765,2017,274.613
766,765,79.107
766,42063,196.87299999999996
767,2616,272.971
768,767,76.795
769,2892,273.953
769,768,82.64200000000001
769,42064,197.90599999999998
42064,769,197.90599999999998
770,769,78.759
770,42252,194.18
771,770,79.768
771,888,273.88800000000003
772,42254,227.584
42254,772,227.584
772,771,85.616
772,773,83.87100000000001
773,772,83.87100000000001
772,3103,274.029
3103,772,274.029
773,2890,265.21999999999997
2890,773,265.21999999999997
773,774,81.282
774,773,81.282
774,47547,78.946
47547,774,78.946
774,51432,126.191
51432,774,126.191
775,879,109.264
879,775,109.264
775,1626,69.614
776,1514,186.206
776,880,35.337999999999994
776,775,102.14099999999999
777,881,34.531
777,776,48.246
778,777,49.671
778,916,99.82600000000001
779,860,104.223
779,778,92.522
781,1179,32.477000000000004
781,780,46.364
781,919,123.56599999999999
782,1121,86.215
782,51134,73.607
783,2948,102.064
783,782,90.013
784,1122,46.139
784,783,55.202
785,975,70.886
785,784,31.522
786,785,93.606
786,1124,73.73400000000001
786,975,77.591
975,786,77.591
787,3160,37.165
3160,787,37.165
787,2020,46.039
2020,787,46.039
788,29,74.706
789,401,226.52
789,3080,76.015
790,791,125.68599999999999
790,2977,77.047
791,50706,148.942
791,2848,76.442
2848,791,76.442
791,2792,75.44200000000001
2792,791,75.44200000000001
792,793,228.558
792,2235,75.053
793,794,213.48700000000002
793,3076,75.43299999999999
794,795,223.964
795,794,223.964
794,2794,74.42
2794,794,74.42
794,3077,76.245
3077,794,76.245
795,796,227.64499999999998
796,795,227.64499999999998
795,3078,76.4
3078,795,76.4
795,2795,74.338
2795,795,74.338
796,2796,75.611
2796,796,75.611
796,3079,75.057
3079,796,75.057
797,2797,75.5
2797,797,75.5
797,42571,63.777
42571,797,63.777
797,2635,156.38
2635,797,156.38
798,2426,305.894
798,42570,61.563
42570,798,61.563
799,2384,63.135
2384,799,63.135
799,190,227.13899999999998
800,70,123.282
800,2962,270.38599999999997
801,3043,64.521
3043,801,64.521
801,802,79.575
802,801,79.575
802,44612,98.486
44612,802,98.486
802,3157,111.901
3157,802,111.901
802,803,79.59299999999999
803,802,79.59299999999999
803,2157,275.337
803,44611,97.254
44611,803,97.254
803,804,80.086
804,803,80.086
804,2158,276.258
804,805,82.103
805,804,82.103
805,1834,109.831
1834,805,109.831
805,806,313.278
806,805,313.278
806,807,79.897
807,806,79.897
806,2160,272.403
806,1836,159.89100000000002
1836,806,159.89100000000002
807,44609,171.228
44609,807,171.228
807,808,87.661
808,807,87.661
808,809,87.376
809,808,87.376
809,810,80.486
810,809,80.486
809,1008,133.679
810,419,182.964
810,811,80.476
811,810,80.476
811,2117,164.862
811,812,80.458
812,811,80.458
812,813,80.803
813,812,80.803
813,1842,172.174
815,816,80.429
816,815,80.429
816,425,107.486
816,817,81.923
817,816,81.923
817,1671,178.933
818,2113,240.091
818,819,86.851
819,818,86.851
819,2112,241.24
2112,819,241.24
819,820,85.826
820,819,85.826
820,1207,240.85
820,821,77.696
821,820,77.696
821,430,127.503
822,431,128.068
822,823,79.743
823,822,79.743
823,2111,147.934
823,824,80.618
824,823,80.618
824,433,128.114
824,825,79.739
825,824,79.739
825,2109,161.659
825,826,79.726
826,825,79.726
826,435,126.981
826,827,79.256
827,826,79.256
827,828,86.076
828,827,86.076
827,436,123.94300000000001
828,44438,201.889
44438,828,201.889
828,829,86.48
829,828,86.48
829,44623,132.967
829,830,78.74199999999999
830,829,78.74199999999999
830,439,126.715
830,831,80.235
831,830,80.235
831,2126,159.325
831,832,80.115
832,831,80.115
832,833,79.904
833,832,79.904
832,441,127.902
833,2127,158.77400000000003
833,834,79.94
834,833,79.94
834,443,127.889
834,835,78.748
835,834,78.748
835,836,80.484
836,835,80.484
835,2129,143.681
836,445,114.714
836,837,79.088
837,836,79.088
837,1745,142.75300000000001
838,1029,139.514
838,8,86.11700000000002
840,839,150.377
841,840,96.922
841,44591,164.04899999999998
44591,841,164.04899999999998
842,394,111.33899999999998
842,2499,75.503
843,842,178.81
843,1712,85.853
844,2944,77.809
2944,844,77.809
